Mach Virtual Memory Statistics: (page size of 4096 bytes)
    free   active   specul inactive throttle    wired  prgable   faults     copy    0fill reactive   purged file-backed anonymous cmprssed cmprssor  dcomprs   comprs  pageins  pageout  swapins swapouts
   27069   504012     1521   485323        0   584747    54443  105171K  3382932 74583727  6327724  2139678      317176    673680  1453557   494001  5360044 10073079  3035669    74269   376711   581323 
   21889   511531     1498   487315        0   580765    54443     4147      177     2956        0        0      317181    683163  1452356   493937     1201        0        0        0        0        0 
   17408   507704     1499   499297        0   576672    54445     9880      705     6446        0        0      317182    691318  1452308   493937       41        0        0        0        0        0 
   15651   511692     1499   502751        0   571073    54445     4979       65     4665       11        0      317184    698758  1452248   493904       52        0        1        0        0        0 
   19631   514268     1472   503913        0   563354    54445     2829       19     2686        0        4      317185    702468  1452199   493904       49        0        0        0        0        0 
   16954   521784     1477   508957        0   553623    54448     7930      444     4599        0        0      317190    715028  1452175   493904       24        0        1        0        0        0 
   40394   505071     1518   502979        0   552909    54480    10154      387     6404        0        0      317236    692332  1450770   493680      284        0        2        0        0        0 
   37974   507339     1503   505045        0   552978    54482    22454     2294     4388        0        0      317240    696647  1446798   491789     3890        0        0        0        0        0 
   41130   502928     1504   499827        0   559570    54484     5112      249     1955        0        1      317241    687018  1446748   491789       49        0        0        0        0        0 
   40847   502867     1516   500755        0   558776    54484     3457      258     1085        0        0      317254    687884  1446729   491773       19        0       13        0        0        0 
   33529   507416     1532   505017        0   558779    54488    19957      543     8513        0        0      317271    696694  1443335   490267     3173        0        0        0       63        0 